[MAIN]
HaveMap=1
brightness=255
color=255,255,255,255
event=event002
rect=82,89,114,108
verson=0
windspeed=0.100000,0.010000,0.000000
IsInDoor=0

[Weather]
Weather0=0
Weather1=1
Weather2=5
Weather3=3
Odds0=10
Odds1=5
Odds2=10
Odds2=5
HappenTimeMin=500
HappenTimeMax=1000
WeatherNum=4
