[MAIN]
color=255,255,255,255
event=单向传出
rect=98,99,101,102
verson=0
windspeed=0.100000,0.000000,0.000000
