[MAIN]
color=255,255,255,255
event=Äª¸ß¿ß
rect=73,83,122,108
verson=0
windspeed=0.100000,0.010000,0.000000
