[MAIN]
HaveMap=1
brightness=255
color=255,255,255,255
event=null
rect=47,112,73,129
verson=0
windspeed=0.100000,0.000000,0.000000
IsInDoor=0

[Weather]
Weather0=1
Weather1=4
Weather2=5
Odds0=5
Odds1=3
Odds2=10
HappenTimeMin=600
HappenTimeMax=1200
WeatherNum=3
