[MAIN]
HaveMap=1
IsInDoor=1
brightness=255
color=120,161,0,255
event=event
rect=96,96,109,108
verson=0
windspeed=0.100000,0.000000,0.000000
[LIGHT]
Dawn=255,24,24,40
Dusk=255,56,50,40
Evening=255,48,40,36
Forenoon=255,64,64,64
InDoor=255,30,27,0
MidNight=255,24,24,30
Morning=255,56,56,65
Noon=255,88,88,88
MapLTRegionIndex=96,96
