[MAIN]
color=255,255,255,255
event=É³Ä®ÃÔ¹¬
rect=76,95,105,109
verson=0
windspeed=0.100000,0.000000,0.000000
