[MAIN]
color=255,255,255,255
event=nouse
rect=84,85,121,103
verson=0
windspeed=0.100000,0.000000,0.000000
