[MAIN]
color=255,255,255,255
event=É³Ä®ÃÔ¹¬
rect=80,90,110,108
verson=0
windspeed=0.100000,0.000000,0.000000
