[MAIN]
color=255,255,255,255
event=Ä®±±²ÝÔ­
rect=73,73,100,101
verson=0
windspeed=0.100000,0.000000,0.000000
