[MAIN]
color=255,255,255,255
event=null
rect=101,94,112,103
verson=0
windspeed=0.100000,0.000000,0.010000
