[MAIN]
brightness=255
color=182,168,119,255
event=null
rect=92,98,105,106
verson=0
windspeed=0.100000,0.000000,0.000000
IsInDoor=1
HaveMap=1

[LIGHT]
InDoor=255,45,42,30
MidNight=255,24,24,30
Dawn=255,24,24,40
Morning=255,56,56,65
Forenoon=255,64,64,64
Noon=255,88,88,88
Dusk=255,56,50,40
Evening=255,48,40,36