[MAIN]
color=255,255,255,255
event=ÃÎ¾³É½¶´
rect=91,98,106,106
verson=0
windspeed=0.100000,0.000000,0.000000
