[MAIN]
color=255,255,255,255
event=»ªɽ
rect=93,96,108,105
verson=0
windspeed=0.100000,0.010000,0.000000
