[MAIN]
HaveMap=1
brightness=255
color=255,255,255,255
event=³É¶¼¸®
rect=94,82,117,102
verson=0
windspeed=0.100000,0.010000,0.000000
IsInDoor=0

[Weather]
Weather0=0
Weather1=6
Weather2=4
Weather3=3
Odds0=5
Odds1=10
Odds2=5
Odds3=5
HappenTimeMin=600
HappenTimeMax=1200
WeatherNum=4
