[MAIN]
color=255,255,255,255
event=null
rect=95,85,129,112
verson=0
windspeed=0.090000,0.000000,0.000000
