[MAIN]
HaveMap=1
brightness=255
color=135,121,0,255
event=中原北区
rect=92,95,111,112
verson=0
windspeed=0.100000,0.070000,0.000000