[MAIN]
HaveMap=1
brightness=255
color=255,255,255,255
event=中原南区
rect=78,88,117,113
verson=0
windspeed=0.100000,0.000000,0.000000
IsInDoor=0

[Weather]
Weather0=0
Weather1=1
Weather2=5
Weather3=3
Odds0=5
Odds1=10
Odds2=5
Odds3=5
HappenTimeMax=20
HappenTimeMin=10
WeatherNum=4
